43970.0
43111.0
42393.0
41803.0
41736.0
41905.0
42392.0
43457.0
44323.0
44945.0
46035.0
46982.0
47298.0
47609.0
48277.0
49499.0
50584.0
50840.0
49963.0
49064.0
47652.0
46727.0
45104.0
43456.0
41930.0
41190.0
40955.0
41188.0
41607.0
43447.0
46597.0
49375.0
50904.0
51346.0
51750.0
51854.0
51825.0
51834.0
52309.0
53178.0
53827.0
53661.0
52870.0
51465.0
49705.0
48419.0
46697.0
44526.0
43166.0
42325.0
41909.0
41703.0
42152.0
44080.0
46628.0
50067.0
51856.0
52069.0
52587.0
52628.0
52717.0
52709.0
52844.0
53641.0
54600.0
55012.0
54269.0
53063.0
51324.0
50188.0
48335.0
46611.0
45201.0
44389.0
44089.0
44029.0
44464.0
44998.0
45924.0
47620.0
49290.0
50885.0
51864.0
51726.0
51287.0
51315.0
51318.0
52585.0
54062.0
55269.0
54889.0
53920.0
51942.0
50781.0
49649.0
48460.0
47048.0
45680.0
45162.0
45002.0
45225.0
45970.0
46846.0
48522.0
49735.0
51539.0
52210.0
52169.0
52024.0
52110.0
52360.0
53158.0
54159.0
54613.0
53838.0
52507.0
50738.0
50173.0
48470.0
46613.0
45042.0
43747.0
42947.0
42831.0
43054.0
44195.0
47072.0
50128.0
51681.0
52408.0
52236.0
52592.0
52264.0
52164.0
52602.0
53809.0
54764.0
54973.0
53593.0
51929.0
50326.0
49385.0
47544.0
45593.0
43990.0
42577.0
41999.0
41674.0
42192.0
44945.0
49382.0
53167.0
54607.0
54241.0
54571.0
54311.0
54262.0
54482.0
54388.0
54769.0
55458.0
55164.0
54246.0
52967.0
51498.0
49811.0
47634.0
45318.0
43907.0
42861.0
42384.0
42578.0
42750.0
44464.0
48805.0
52789.0
54186.0
53947.0
53766.0
53244.0
52777.0
52756.0
53217.0
54211.0
55641.0
55651.0
54735.0
53637.0
51939.0
50768.0
48896.0
46488.0
45033.0
43761.0
43545.0
43670.0
44617.0
47108.0
51546.0
55702.0
56762.0
56368.0
56521.0
56076.0
55382.0
55672.0
56217.0
57058.0
57309.0
57277.0
56414.0
55347.0
53479.0
52155.0
49836.0
47119.0
45908.0
44839.0
44323.0
44569.0
45663.0
48030.0
52493.0
56712.0
57883.0
57709.0
57873.0
57323.0
56770.0
55869.0
55931.0
56792.0
57766.0
58053.0
57375.0
56142.0
53988.0
52919.0
51711.0
49597.0
48221.0
47378.0
46353.0
45958.0
46135.0
46538.0
47535.0
49062.0
50672.0
51714.0
52612.0
52901.0
52352.0
51951.0
52040.0
52822.0
53587.0
53910.0
52897.0
51142.0
49184.0
47969.0
46529.0
44729.0
42926.0
42127.0
41629.0
41473.0
41606.0
42000.0
42788.0
44036.0
45651.0
46327.0
47466.0
48008.0
48151.0
48199.0
48744.0
50434.0
51768.0
53125.0
52795.0
51754.0
50658.0
49439.0
47616.0
45830.0
44755.0
43828.0
43883.0
43986.0
45199.0
47736.0
52408.0
56441.0
57338.0
56888.0
57338.0
56727.0
55917.0
55864.0
56019.0
56893.0
57729.0
57936.0
56835.0
55363.0
53883.0
52294.0
50047.0
47652.0
45914.0
44806.0
44420.0
44279.0
45371.0
47798.0
51824.0
55280.0
56060.0
55600.0
55770.0
55334.0
55068.0
54675.0
54452.0
55383.0
56464.0
56995.0
55614.0
54131.0
52678.0
51004.0
48636.0
46388.0
44911.0
43490.0
43170.0
43059.0
43520.0
45814.0
49725.0
53905.0
54895.0
54634.0
54605.0
53816.0
53710.0
53443.0
54034.0
54717.0
55820.0
56263.0
55118.0
53653.0
52153.0
51133.0
48935.0
46238.0
44372.0
43253.0
42907.0
43031.0
43836.0
46290.0
50500.0
54499.0
54891.0
54538.0
54387.0
54128.0
53610.0
53449.0
53498.0
54193.0
55365.0
55850.0
55250.0
54155.0
52418.0
51155.0
49376.0
46899.0
44912.0
43893.0
43441.0
43575.0
44376.0
46821.0
51106.0
54823.0
55863.0
55085.0
55303.0
54869.0
54330.0
53756.0
53788.0
54204.0
54873.0
55424.0
54455.0
52827.0
50856.0
48990.0
47379.0
45625.0
44357.0
43171.0
42559.0
42207.0
42233.0
42809.0
44241.0
45839.0
47634.0
49336.0
50095.0
50286.0
50233.0
49925.0
50174.0
50851.0
52367.0
53096.0
52190.0
50661.0
48988.0
47807.0
46658.0
45498.0
44145.0
43280.0
42725.0
42623.0
42966.0
43332.0
44671.0
46140.0
47895.0
49527.0
50348.0
50486.0
50053.0
49694.0
50039.0
51425.0
53050.0
54134.0
53793.0
52644.0
51398.0
51021.0
49295.0
47271.0
45462.0
44217.0
43940.0
43964.0
44660.0
46812.0
51289.0
55763.0
56374.0
56104.0
55980.0
55687.0
54984.0
54629.0
53958.0
54440.0
55625.0
55864.0
54704.0
53413.0
51791.0
49921.0
47571.0
44880.0
43254.0
42272.0
42116.0
41936.0
42541.0
44957.0
49469.0
53354.0
54053.0
53900.0
53841.0
53303.0
52762.0
52205.0
52488.0
53351.0
54649.0
55826.0
54919.0
53470.0
51552.0
50047.0
48166.0
45680.0
44150.0
43545.0
43395.0
43699.0
44505.0
46628.0
51504.0
55663.0
56380.0
55942.0
55778.0
54908.0
53709.0
53623.0
53949.0
55372.0
57176.0
58119.0
57515.0
56272.0
54806.0
53252.0
51205.0
48995.0
47484.0
46452.0
46045.0
46376.0
47317.0
49150.0
53201.0
57002.0
57531.0
56889.0
56613.0
56108.0
55662.0
55442.0
55395.0
55953.0
56667.0
57112.0
55887.0
54186.0
52653.0
51207.0
48878.0
46534.0
44868.0
43870.0
43513.0
43581.0
44267.0
46564.0
50981.0
55058.0
55669.0
55524.0
55730.0
54886.0
54248.0
53607.0
53013.0
52881.0
54272.0
55482.0
54733.0
53044.0
51239.0
49772.0
48331.0
46318.0
45090.0
43900.0
43508.0
43433.0
43679.0
44234.0
45743.0
47672.0
48916.0
50357.0
51164.0
51641.0
51184.0
50543.0
50149.0
50660.0
52133.0
53255.0
53155.0
51395.0
49323.0
47796.0
46216.0
44547.0
42945.0
42029.0
41663.0
41373.0
41215.0
41474.0
42370.0
43768.0
45167.0
46752.0
47728.0
48631.0
48631.0
48386.0
48132.0
49391.0
50906.0
52255.0
51794.0
50400.0
48858.0
47774.0
46263.0
44424.0
43395.0
42677.0
42074.0
42490.0
43340.0
45906.0
50805.0
54923.0
55876.0
55828.0
56101.0
55811.0
55328.0
55351.0
55326.0
55793.0
56417.0
56791.0
55769.0
54399.0
52642.0
51119.0
48911.0
46286.0
44362.0
43227.0
43057.0
43053.0
43919.0
45966.0
50882.0
55078.0
55450.0
55133.0
55019.0
54978.0
54579.0
54665.0
54976.0
55150.0
56246.0
57187.0
56158.0
55041.0
53104.0
51843.0
49507.0
47163.0
45213.0
44325.0
43761.0
43964.0
44567.0
46966.0
51329.0
55620.0
56215.0
55933.0
55967.0
55650.0
55560.0
55095.0
55021.0
55272.0
56173.0
57094.0
56218.0
54785.0
53099.0
51781.0
49484.0
46813.0
45188.0
44296.0
43808.0
43993.0
45095.0
47405.0
51915.0
56121.0
56781.0
56283.0
56308.0
55902.0
55418.0
55271.0
55336.0
55649.0
56652.0
57923.0
57038.0
55415.0
53426.0
51815.0
49714.0
47160.0
45714.0
45267.0
44478.0
44581.0
45441.0
47871.0
52293.0
56319.0
56895.0
56627.0
56559.0
56233.0
55623.0
54870.0
54464.0
54466.0
55417.0
55838.0
54819.0
52907.0
50901.0
49278.0
47333.0
45484.0
43600.0
42899.0
41928.0
41752.0
41844.0
42497.0
43646.0
45282.0
46425.0
47993.0
48940.0
48930.0
48854.0
48252.0
48015.0
48351.0
49952.0
52227.0
51346.0
49682.0
48048.0
47070.0
45438.0
43585.0
42372.0
41607.0
41129.0
40980.0
40965.0
41569.0
42488.0
43849.0
45472.0
46963.0
47782.0
48008.0
47455.0
47231.0
47464.0
48384.0
50273.0
52277.0
52191.0
51174.0
50202.0
49280.0
47578.0
46069.0
44381.0
44011.0
43897.0
44190.0
45272.0
47979.0
52724.0
56973.0
57715.0
57897.0
57269.0
56090.0
55647.0
55412.0
55121.0
55768.0
57194.0
58577.0
57713.0
56687.0
54945.0
53608.0
51320.0
49130.0
47297.0
46225.0
46198.0
46766.0
47866.0
50315.0
55131.0
59294.0
59754.0
59470.0
59096.0
58339.0
57591.0
57384.0
56756.0
56608.0
57652.0
59050.0
58130.0
57333.0
55788.0
54438.0
52158.0
49876.0
48559.0
47685.0
47337.0
47364.0
48888.0
51304.0
55663.0
59241.0
58996.0
58316.0
58047.0
57048.0
55684.0
55109.0
54999.0
55424.0
56385.0
57453.0
56406.0
54997.0
53057.0
51915.0
49853.0
47771.0
46009.0
44909.0
44574.0
44779.0
45771.0
48249.0
53022.0
57159.0
57572.0
57168.0
56608.0
56038.0
55338.0
54741.0
54480.0
54538.0
55558.0
57323.0
57232.0
55981.0
54666.0
53402.0
51296.0
49018.0
47409.0
46030.0
45433.0
45674.0
46597.0
49268.0
53606.0
57089.0
57793.0
57671.0
57029.0
56743.0
56144.0
55365.0
54722.0
54205.0
55194.0
56430.0
55778.0
54117.0
51892.0
50433.0
48470.0
46151.0
44869.0
43674.0
42834.0
42704.0
42617.0
43432.0
44571.0
46106.0
47932.0
49871.0
50630.0
50762.0
50941.0
50673.0
50035.0
50061.0
51703.0
53165.0
52326.0
50644.0
48690.0
47765.0
45923.0
44347.0
42942.0
42270.0
41618.0
41601.0
41495.0
41801.0
42522.0
43945.0
45173.0
47284.0
48412.0
48993.0
49051.0
48965.0
49089.0
49508.0
50652.0
51579.0
51297.0
50371.0
49237.0
48111.0
46458.0
44564.0
43101.0
42241.0
41814.0
41942.0
42633.0
45044.0
49483.0
53078.0
53739.0
53796.0
53968.0
53377.0
53099.0
53068.0
52938.0
53081.0
53977.0
55344.0
55149.0
53579.0
51658.0
50489.0
48378.0
45409.0
44294.0
43679.0
43831.0
44108.0
44553.0
46971.0
51413.0
55417.0
56130.0
55677.0
55960.0
55433.0
54434.0
53853.0
53924.0
53937.0
54952.0
56341.0
55832.0
54712.0
52798.0
51286.0
49601.0
47108.0
45618.0
44666.0
44540.0
44883.0
46002.0
48423.0
52617.0
55815.0
56046.0
56081.0
55958.0
55427.0
54755.0
54153.0
53709.0
53924.0
54850.0
56508.0
56263.0
55400.0
53603.0
52382.0
50313.0
48081.0
46400.0
45631.0
45459.0
45689.0
46688.0
49160.0
54005.0
57919.0
58441.0
57879.0
56889.0
56218.0
55188.0
54292.0
54376.0
54629.0
55795.0
57652.0
57071.0
56075.0
54888.0
53899.0
52121.0
49696.0
48605.0
47902.0
47842.0
48002.0
49172.0
51567.0
55887.0
59488.0
60157.0
59592.0
58343.0
57251.0
56136.0
55486.0
55134.0
55319.0
56235.0
58011.0
57055.0
55321.0
52927.0
51840.0
50060.0
47426.0
46222.0
45200.0
45111.0
44859.0
44861.0
45309.0
46677.0
48141.0
49773.0
51451.0
51902.0
51930.0
51024.0
50301.0
50080.0
50742.0
52548.0
54021.0
53472.0
51353.0
49225.0
48217.0
46356.0
44875.0
43710.0
42804.0
42282.0
41948.0
41835.0
42082.0
42783.0
44124.0
45371.0
47042.0
49108.0
49819.0
49616.0
49340.0
49738.0
49833.0
51002.0
52994.0
53022.0
52045.0
50768.0
49914.0
48061.0
46331.0
44422.0
43677.0
43235.0
43149.0
43872.0
46481.0
51165.0
54693.0
55519.0
55421.0
55627.0
55224.0
54193.0
53750.0
53325.0
52927.0
54046.0
55568.0
55061.0
53778.0
52054.0
51041.0
48822.0
46369.0
44528.0
43648.0
43591.0
43388.0
44282.0
45674.0
49689.0
53593.0
54132.0
54132.0
54339.0
54116.0
53761.0
53648.0
52634.0
52430.0
53025.0
54748.0
55230.0
54223.0
52342.0
51052.0
48846.0
46670.0
45051.0
44550.0
44726.0
44944.0
46106.0
48150.0
52904.0
56205.0
56853.0
56467.0
56125.0
55003.0
53728.0
52779.0
52468.0
52347.0
53321.0
55660.0
56400.0
55348.0
53794.0
52405.0
50775.0
48793.0
47348.0
46404.0
45962.0
46081.0
47161.0
49390.0
53250.0
56145.0
56918.0
56865.0
57995.0
57302.0
55404.0
55601.0
55390.0
55817.0
56531.0
57723.0
57267.0
55900.0
53952.0
52458.0
50362.0
47654.0
46223.0
45271.0
44963.0
45246.0
45884.0
48103.0
52072.0
55318.0
56296.0
56147.0
55690.0
54667.0
54321.0
53664.0
53140.0
52586.0
53122.0
54470.0
53777.0
52298.0
49930.0
48264.0
47120.0
45337.0
43460.0
42235.0
41635.0
41225.0
41342.0
42532.0
43736.0
44832.0
46590.0
48450.0
49741.0
50352.0
49698.0
49326.0
48884.0
49120.0
50130.0
51948.0
52933.0
51480.0
49659.0
48315.0
47597.0
46074.0
44753.0
43868.0
43306.0
43020.0
43232.0
43729.0
44547.0
45430.0
46865.0
48384.0
48939.0
48886.0
48434.0
48390.0
48360.0
48658.0
50168.0
52687.0
53330.0
51799.0
50616.0
49579.0
47893.0
46478.0
45263.0
44414.0
44580.0
45055.0
46243.0
48536.0
53084.0
56326.0
56803.0
56496.0
55575.0
54652.0
54038.0
53810.0
53796.0
53779.0
54628.0
56553.0
57118.0
56232.0
54870.0
53736.0
51397.0
49370.0
47540.0
46478.0
46327.0
46835.0
47733.0
50144.0
54916.0
58384.0
58549.0
58113.0
57082.0
56791.0
56099.0
55693.0
55541.0
55908.0
57204.0
59175.0
59300.0
57997.0
56197.0
54824.0
52709.0
50459.0
49063.0
48270.0
48454.0
48505.0
49752.0
52423.0
56647.0
59545.0
60682.0
60412.0
59576.0
58568.0
57823.0
57331.0
56904.0
56719.0
57709.0
59467.0
60066.0
59065.0
57744.0
56509.0
54586.0
52273.0
50430.0
50194.0
50153.0
50447.0
51520.0
53799.0
57843.0
60919.0
61325.0
60589.0
59842.0
59487.0
58363.0
57627.0
56736.0
57102.0
57567.0
59021.0
59824.0
58785.0
57276.0
56309.0
54349.0
51662.0
50507.0
49608.0
49728.0
50385.0
51424.0
53811.0
57641.0
61043.0
61560.0
60733.0
59857.0
58872.0
57134.0
56026.0
54838.0
54680.0
55220.0
56859.0
57841.0
56592.0
54604.0
53109.0
51654.0
50001.0
49381.0
48531.0
47864.0
47864.0
47829.0
48416.0
49554.0
50879.0
52851.0
54157.0
54537.0
54185.0
53527.0
53022.0
53070.0
53126.0
54105.0
55970.0
56604.0
54766.0
52543.0
51267.0
49991.0
48800.0
47404.0
46413.0
45854.0
45985.0
46189.0
46225.0
47040.0
48303.0
49758.0
50765.0
51256.0
51904.0
51680.0
51500.0
51189.0
51111.0
51865.0
53864.0
54989.0
54177.0
52605.0
51424.0
49730.0
47690.0
46730.0
45794.0
45692.0
46159.0
46844.0
49280.0
53220.0
56338.0
56780.0
56742.0
56232.0
55319.0
54572.0
54208.0
53970.0
53519.0
53824.0
55328.0
56405.0
55775.0
54294.0
53079.0
50992.0
48653.0
46921.0
46052.0
45738.0
45936.0
46667.0
48741.0
52560.0
56206.0
56833.0
56763.0
56894.0
56429.0
55507.0
54950.0
55100.0
55178.0
55156.0
56473.0
57419.0
56374.0
54798.0
53409.0
51144.0
48671.0
47352.0
46178.0
46034.0
46373.0
47353.0
49531.0
53373.0
56572.0
57601.0
57560.0
57517.0
57079.0
56248.0
55805.0
55633.0
55467.0
55913.0
57147.0
58134.0
56890.0
55365.0
53985.0
51829.0
49590.0
47860.0
47182.0
46686.0
47024.0
47769.0
50415.0
53816.0
57252.0
58001.0
57311.0
56504.0
55486.0
54493.0
54019.0
53586.0
53836.0
54086.0
55381.0
56670.0
56062.0
54900.0
53664.0
51744.0
49581.0
48019.0
47048.0
47406.0
47331.0
48413.0
50814.0
55064.0
58272.0
58740.0
58343.0
57810.0
56326.0
55212.0
54528.0
53567.0
53376.0
53522.0
54888.0
56026.0
55110.0
53288.0
51919.0
50364.0
48419.0
47516.0
46505.0
46066.0
46023.0
46415.0
47274.0
48149.0
49428.0
51148.0
52183.0
52389.0
51917.0
50783.0
49918.0
49766.0
49720.0
50625.0
52679.0
53654.0
52723.0
51061.0
49918.0
48264.0
47001.0
46197.0
44969.0
44519.0
44267.0
44443.0
44870.0
45180.0
46166.0
47792.0
48982.0
49744.0
50086.0
49484.0
48720.0
48581.0
48846.0
49171.0
50717.0
51951.0
51157.0
49210.0
47972.0
46280.0
44472.0
43269.0
42514.0
42396.0
42532.0
44043.0
46306.0
50202.0
53989.0
54442.0
54035.0
53594.0
53203.0
52428.0
52254.0
51683.0
51738.0
52018.0
53258.0
53911.0
53001.0
51463.0
50196.0
48149.0
45894.0
44401.0
43526.0
43323.0
43209.0
44077.0
46481.0
50711.0
54451.0
54953.0
54825.0
54640.0
54479.0
54228.0
53834.0
53477.0
53584.0
53735.0
54601.0
54750.0
53541.0
51847.0
50534.0
48411.0
46129.0
44637.0
43589.0
43263.0
43235.0
44118.0
46341.0
50070.0
53466.0
54183.0
54063.0
53822.0
53451.0
52490.0
51892.0
51342.0
51340.0
51388.0
52545.0
53705.0
53319.0
51879.0
50579.0
48543.0
46042.0
44824.0
43961.0
43718.0
43433.0
44423.0
46317.0
50368.0
53188.0
54531.0
54274.0
54481.0
54731.0
54158.0
54030.0
53429.0
53448.0
53400.0
54338.0
55347.0
54915.0
52932.0
51278.0
49201.0
47265.0
45715.0
45191.0
44979.0
45075.0
46100.0
48605.0
51913.0
55141.0
56562.0
56264.0
56104.0
55424.0
54927.0
54250.0
53784.0
53329.0
53756.0
55508.0
57568.0
56078.0
54629.0
53550.0
51970.0
50775.0
49575.0
48839.0
48778.0
48618.0
49426.0
50213.0
51194.0
52623.0
53466.0
54143.0
53482.0
52316.0
51363.0
50622.0
49658.0
49802.0
50777.0
53664.0
55157.0
53974.0
51803.0
50884.0
49835.0
48180.0
46655.0
45825.0
45254.0
45463.0
45328.0
45562.0
45434.0
46276.0
47476.0
48903.0
49853.0
49848.0
49942.0
49778.0
49639.0
49838.0
50088.0
51777.0
52636.0
51421.0
49790.0
48475.0
46920.0
45113.0
42443.0
42954.0
42733.0
43078.0
44388.0
47085.0
50526.0
54023.0
55128.0
55087.0
54571.0
53908.0
53248.0
52612.0
51993.0
52007.0
51991.0
52800.0
53969.0
53268.0
51050.0
49539.0
48294.0
45741.0
44668.0
43666.0
43354.0
43521.0
44053.0
45518.0
48519.0
51065.0
52279.0
52791.0
52905.0
52748.0
51893.0
51349.0
51221.0
50648.0
50778.0
51790.0
52375.0
51531.0
49882.0
48530.0
46347.0
44510.0
43388.0
41814.0
41207.0
42009.0
42521.0
43680.0
46837.0
50418.0
52066.0
51905.0
51792.0
51739.0
51222.0
50511.0
50146.0
49899.0
50441.0
51749.0
52585.0
52506.0
50866.0
49438.0
47337.0
45157.0
43888.0
43249.0
43532.0
43892.0
44594.0
46217.0
49043.0
51573.0
52609.0
51939.0
50988.0
50697.0
50453.0
49762.0
49580.0
49942.0
50108.0
51025.0
52470.0
52243.0
50600.0
49473.0
47816.0
45993.0
44254.0
43652.0
43740.0
44151.0
44783.0
46385.0
49671.0
53003.0
54092.0
53806.0
53152.0
52393.0
51701.0
50507.0
49251.0
49279.0
49532.0
51230.0
53106.0
53073.0
51468.0
50504.0
49310.0
47747.0
46764.0
45941.0
45614.0
45929.0
45766.0
45999.0
46647.0
48003.0
49232.0
49323.0
48820.0
48195.0
47318.0
47042.0
46603.0
46923.0
48005.0
50389.0
52733.0
52772.0
51101.0
50193.0
49102.0
47877.0
46204.0
45757.0
45346.0
45366.0
45477.0
46137.0
46200.0
46685.0
47444.0
48267.0
48114.0
47699.0
47365.0
46753.0
46881.0
47508.0
48198.0
50819.0
52635.0
52985.0
51301.0
50404.0
48694.0
47154.0
46272.0
45369.0
45354.0
45646.0
46228.0
47812.0
50681.0
53612.0
54908.0
54451.0
53533.0
52942.0
52231.0
51532.0
51041.0
51131.0
51660.0
53017.0
54254.0
54444.0
52446.0
50656.0
48920.0
47017.0
45661.0
44569.0
44213.0
44527.0
45125.0
46684.0
49405.0
52106.0
52907.0
52072.0
51592.0
51635.0
51053.0
50332.0
50373.0
50313.0
50469.0
51748.0
52997.0
52506.0
50958.0
49920.0
47642.0
45465.0
43870.0
43022.0
43075.0
43226.0
43898.0
45449.0
48401.0
51347.0
51758.0
51127.0
50806.0
50357.0
49877.0
49382.0
48901.0
48975.0
49123.0
50255.0
51217.0
51408.0
49686.0
48147.0
46824.0
45083.0
43861.0
43030.0
42877.0
43300.0
43723.0
45118.0
48102.0
50959.0
51843.0
51389.0
50267.0
50125.0
49186.0
48500.0
48358.0
48339.0
48475.0
49446.0
50276.0
50781.0
49762.0
48498.0
46792.0
44889.0
43982.0
43085.0
43284.0
43706.0
44607.0
46520.0
48972.0
51429.0
52290.0
51638.0
50951.0
50040.0
49149.0
48160.0
47449.0
47041.0
47118.0
48119.0
49175.0
49653.0
47894.0
46579.0
45663.0
44424.0
43136.0
42418.0
42502.0
42487.0
42489.0
42849.0
43345.0
44851.0
45539.0
46167.0
46494.0
46136.0
45411.0
44951.0
44918.0
44988.0
45663.0
47692.0
49909.0
50089.0
48520.0
47189.0
46093.0
44763.0
43878.0
43624.0

43560.0
44161.0
45260.0
45278.0
46072.0
47525.0
48425.0
48495.0
48333.0
47982.0
47351.0
46445.0
46135.0
46542.0
47466.0
48399.0
49538.0
50086.0
48939.0
47434.0
45842.0













52300.0
51665.0
51410.0
49979.0
50357.0
50949.0
52073.0
52432.0
51665.0
49930.0
47891.0
46593.0
45900.0
45647.0
46084.0
46951.0
48894.0
51376.0
53914.0
54759.0
54350.0
53413.0
52406.0
51372.0
50426.0
49947.0
49464.0
48998.0
49614.0
49886.0
50232.0
50060.0
48896.0
46943.0
44779.0
43362.0
42338.0
42033.0
42445.0
43329.0
45301.0
48229.0
50620.0
51611.0
51213.0
51480.0
51277.0
50579.0
49950.0
49292.0
48951.0
48640.0
49086.0
48937.0
49156.0
49044.0
47914.0
46701.0
44449.0
43135.0
42605.0
42356.0
42210.0
43079.0
45046.0
47493.0
50143.0
51573.0
51371.0
51409.0
50779.0
51199.0
51067.0
51256.0
51068.0
50713.0
51776.0
51820.0
51331.0
50889.0
50046.0
48233.0
46253.0
44917.0
43984.0
43805.0
44168.0
45096.0
47111.0
50098.0
52989.0
53888.0
53636.0
53170.0
52923.0
51747.0
50390.0
49184.0
48962.0
48866.0
49478.0
49691.0
49934.0
50283.0
49402.0
47910.0
46407.0
45057.0
44173.0
43814.0
44137.0
44882.0
45241.0
45209.0
46175.0
47344.0
47818.0
47527.0
46914.0
46087.0
45411.0
44705.0
45020.0
45619.0
46869.0
47713.0
47860.0
48053.0
47063.0
46013.0
44668.0
43456.0
42590.0
42257.0
42286.0
42545.0
42940.0
42911.0
43351.0
44517.0
45639.0
45856.0
45691.0
45256.0
44835.0
44197.0
43586.0
43558.0
44667.0
45688.0
45869.0
45849.0
45452.0
44106.0
42395.0
41470.0
40597.0
40907.0
40862.0
41518.0
43376.0
45991.0
48439.0
49512.0
49710.0
49289.0
47485.0
46165.0
45616.0
44843.0
44491.0
44202.0
44583.0
45271.0
45748.0
45538.0
44491.0
42749.0
40858.0
39573.0
38681.0
38371.0
38575.0
39712.0
41748.0
44738.0
46744.0
46840.0
46494.0
46377.0
46301.0
45990.0
45442.0
44645.0
44380.0
43861.0
44292.0
44752.0
45528.0
45950.0
45408.0
43738.0
41677.0
40015.0
39087.0
39080.0
39548.0
40277.0
41692.0
44110.0
46762.0
47287.0
47258.0
47114.0
46609.0
46082.0
45335.0
44789.0
44489.0
44069.0
44575.0
44810.0
45010.0
45337.0
44145.0
42113.0
40570.0
39690.0
38878.0
38339.0
38540.0
39057.0
40383.0
42314.0
44184.0
45048.0
45389.0
45608.0
45777.0
45140.0
44023.0
43406.0
42997.0
43002.0
43613.0
44252.0
44375.0
44635.0
44129.0
42774.0
41499.0
40385.0
39580.0
39253.0
39221.0
39745.0
40508.0
41552.0
42723.0
43415.0
43760.0
43608.0
43102.0
42639.0
42138.0
41576.0
41341.0
41895.0
42787.0
43328.0
42997.0
43667.0
43556.0
42616.0
41560.0
40248.0
39438.0
39233.0
39426.0
40055.0
40283.0
40483.0
41225.0
42087.0
42997.0
43117.0
42944.0
42760.0
42652.0
42341.0
42563.0
43034.0
44079.0
44223.0
43736.0
43450.0
42909.0
41762.0
40130.0
38817.0
37985.0
37367.0
37247.0
37492.0
37495.0
37432.0
38550.0
39889.0
41029.0
41997.0
42505.0
42231.0
41654.0
40832.0
40767.0
40849.0
42155.0
42447.0
42292.0
42551.0
42619.0
41480.0
40056.0
39295.0
38709.0
38254.0
38344.0
39297.0
40147.0
41004.0
41799.0
42881.0
43793.0
44522.0
44780.0
44611.0
44167.0
43913.0
43815.0
44320.0
45217.0
45780.0
45722.0
46034.0
46008.0
44689.0
43281.0
42242.0
41443.0
41611.0
41991.0
42701.0
43877.0
47008.0
49786.0
50887.0
50845.0
50366.0
49570.0
48913.0
48651.0
47903.0
47688.0
47413.0
47584.0
47844.0
47776.0
47644.0
46703.0
44821.0
42842.0
41205.0
40198.0
40016.0
40270.0
40862.0
42295.0
45052.0
47656.0
48962.0
48571.0
48409.0
48085.0
47282.0
46034.0
45426.0
44613.0
44484.0
45302.0
45329.0
45170.0
45033.0
44452.0
42907.0
41396.0
40348.0
39509.0
38816.0
38963.0
39551.0
41028.0
43616.0
46478.0
47546.0
47271.0
47251.0
47190.0
46709.0
45815.0
44836.0
44636.0
44777.0
45140.0
45124.0
45340.0
45580.0
45503.0
44249.0
42155.0
41024.0
40275.0
40258.0
40572.0
41317.0
42638.0
45106.0
47819.0
48683.0
48229.0
48111.0
47632.0
46615.0
45871.0
45154.0
44566.0
44171.0
44649.0
44959.0
44943.0
44816.0
44551.0
43295.0
41869.0
40776.0
39937.0
39548.0
39769.0
40132.0
40392.0
40571.0
41605.0
42767.0
43730.0
43214.0
42792.0
42454.0
41796.0
41501.0
41453.0
41993.0
42744.0
43232.0
43217.0
42828.0
42926.0
42154.0
40757.0
39736.0
38634.0
38387.0
38568.0
38731.0
38866.0
38845.0
39578.0
40520.0
40935.0
40821.0
40868.0
40050.0
39862.0
39499.0
39384.0
39786.0
40928.0
41431.0
41554.0
41341.0
41588.0
40339.0
39035.0
37811.0
37261.0
36802.0
37188.0
37630.0
39216.0
41788.0
44991.0
46167.0
45905.0
45608.0
44869.0
44114.0
43602.0
43316.0
42863.0
42318.0
42567.0
42677.0
42603.0
42568.0
42714.0
41282.0
39575.0
37747.0
36994.0
37039.0
37389.0
38213.0
40011.0
42754.0
44829.0
45403.0
44575.0
43920.0
43619.0
43029.0
42193.0
41653.0
41699.0
41427.0
41508.0
41567.0
41553.0
41497.0
41443.0
40371.0
38412.0
36719.0
35990.0
35674.0
36019.0
36644.0
38278.0
40996.0
43252.0
44341.0
44243.0
43945.0
43545.0
42822.0
41736.0
41251.0
40546.0
41246.0
41535.0
41157.0
40973.0
40651.0
40787.0
39537.0
37525.0
36185.0
35632.0
35604.0
35724.0
36258.0
37484.0
40091.0
43057.0
44094.0
43791.0
43514.0
43218.0
42676.0
42180.0
41647.0
41311.0
41280.0
41221.0
41201.0
41424.0
41172.0
41042.0
39816.0
37927.0
36422.0
35663.0
35203.0
35328.0
35797.0
37000.0
40255.0
43395.0
44712.0
44584.0
44304.0
43988.0
43714.0
42612.0
42094.0
41617.0
41508.0
41587.0
42195.0
41806.0
40883.0
40957.0
39682.0
38092.0
37293.0
36648.0
36173.0
35774.0
35784.0
35987.0
36519.0
37841.0
38929.0
40062.0
40551.0
40495.0
40218.0
39640.0
39016.0
38459.0
39276.0
40445.0
41118.0
40981.0
40314.0
40536.0
39702.0
38117.0
36982.0
36436.0
36140.0
36177.0
36141.0
36075.0
36479.0
37339.0
38428.0
39292.0
39772.0
39907.0
39703.0
39221.0
39044.0
38813.0
39521.0
40565.0
41185.0
40954.0
41212.0
41414.0
40562.0
39089.0
37775.0
37052.0
36783.0
37004.0
37612.0
38913.0
42002.0
45248.0
46268.0
46304.0
46483.0
46583.0
46585.0
46147.0
45636.0
45548.0
45445.0
45784.0
45549.0
45052.0
44582.0
44503.0
43168.0
41133.0
39574.0
38907.0
38655.0
38863.0
39380.0
40504.0
43644.0
46980.0
47859.0
47804.0
47595.0
47580.0
46962.0
46461.0
46004.0
45568.0
45414.0
45823.0
45672.0
45381.0
45143.0
45128.0
43834.0
41904.0
40200.0
39501.0
39435.0
39800.0
40376.0
41469.0
44267.0
47393.0
48084.0
47547.0
47323.0
47133.0
46549.0
46062.0
45908.0
45872.0
45427.0
45764.0
45600.0
45335.0
44981.0
44869.0
43533.0
41604.0
40120.0
39509.0
39298.0
39555.0
40115.0
41218.0
44185.0
46916.0
47751.0
47518.0
47233.0
46838.0
46546.0
45888.0
45454.0
45213.0
45075.0
45542.0
45246.0
44766.0
44093.0
43669.0
42096.0
40545.0
39205.0
38099.0
37910.0
37836.0
37667.0
37858.0
38627.0
40307.0
41838.0
42697.0
43494.0
43469.0
43007.0
42745.0
42081.0
41821.0
42107.0
42676.0
42732.0
42186.0
41261.0
41161.0
40428.0
38768.0
37431.0
36624.0
36090.0
36139.0
36197.0
36247.0
36732.0
37930.0
39266.0
40404.0
40949.0
40879.0
40327.0
40102.0
39741.0
39244.0
39762.0
40918.0
41218.0
40388.0
39783.0
40118.0
39299.0
37661.0
36673.0
35921.0
35624.0
35677.0
35816.0
35197.0
35202.0
36221.0
37505.0
38469.0
38893.0
38843.0
38660.0
38120.0
37851.0
37850.0
38452.0
39418.0
39791.0
39996.0
39975.0
40443.0
39689.0
38149.0
37060.0
36385.0
36270.0
36433.0
36988.0
38461.0
41812.0
45043.0
46179.0
46023.0
45908.0
45621.0
45428.0
45059.0
44683.0
44277.0
43584.0
43840.0
44060.0
43765.0
43077.0
43588.0
42543.0
40336.0
38679.0
37742.0
37949.0
38328.0
38738.0
39981.0
42642.0
45619.0
46918.0
46579.0
46427.0
45710.0
45143.0
44741.0
44010.0
43448.0
43313.0
43223.0
42770.0
42582.0
42104.0
42201.0
41122.0
39218.0
37955.0
37270.0
36987.0
37059.0
37567.0
38674.0
41193.0
43462.0
44574.0
44224.0
43748.0
43624.0
43268.0
42663.0
42220.0
41631.0
41292.0
41683.0
41043.0
41157.0
41306.0
41168.0
40055.0
38202.0
36813.0
35986.0
35865.0
36111.0
36173.0
37773.0
40805.0
43575.0
44192.0
44181.0
44175.0
43906.0
43197.0
42719.0
42429.0
42405.0
42123.0
42392.0
42143.0
42220.0
42278.0
42302.0
41244.0
39036.0
37474.0
36781.0
36317.0
36219.0
36661.0
37709.0
40174.0
42655.0
43697.0
43816.0
43847.0
43282.0
42459.0
41864.0
41195.0
40732.0
40623.0
41291.0
41182.0
40755.0
39997.0
40076.0
39721.0
38090.0
36507.0
35914.0
35489.0
35340.0
34867.0
34870.0
35801.0
36856.0
38370.0
39497.0
39868.0
39718.0
38909.0
38228.0
37917.0
37812.0
38281.0
39229.0
39890.0
39508.0
39207.0
39415.0
38864.0
37334.0
35958.0
35278.0
34816.0
34594.0
34463.0
34175.0
34587.0
35742.0
37119.0
38075.0
39073.0
39799.0
39804.0
39221.0
38652.0